{%- extends 'base.html' -%}
{%- block content -%}
<div id="homepage">
  <h4>Sample data</h4>
  <div id="project-description" class="row">
    <div class="col-md-12">
      <p>
        AcousticBrainz stores two levels of data: Low-level and high level. 
      </p><p>
        Both types of information are JSON documents,
        two documents per each <a href="https://musicbrainz.org/doc/MusicBrainz_Identifier">MusicBrainz ID</a> for 
        a <a href="https://musicbrainz.org/doc/Recording">recording</a>.
      </p><p>
        The low-level data includes acoustic descriptors characterizing overall loudness, dynamics and spectral shape of a 
        signal, rhythm descriptors (including beats per minute), and tonal information (including keys and scales). The 
        low-level data is stable, compared to the higher level data. This hopefully means that we will not have to recompute 
        this data from audio files too frequently. More detailed information about the low-level data is provided in
        <a href="http://essentia.upf.edu/documentation/streaming_extractor_music.html#music-descriptors">the official documentation 
        for Essentia toolkit</a>.

      </p>

      </p>
      <div style="background-color: #f8f8f8;">
         <pre style="height: 300px">
{
"metadata": {
    "version": {
        "essentia": "2.1-beta1",
        "essentia_git_sha": "v2.1_beta1-3-gbee56e8",
        "extractor": "music 1.0",
        "essentia_build_sha" : "77eb8ffa12d50e49b8ba342381d7a786"
    },
    "audio_properties": {
        "analysis_sample_rate": 44100,
        "equal_loudness": 0,
        "length": 240.509384155,
        "replay_gain": -2.95390701294,
        "downmix": "mix",
        "md5_encoded": "77eb8ffa12d50e49b8ba342381d7a786",
        "lossless" : false
    },
    "tags": {
        "album": ["The Därk Side of the Moon"],
        "artist": ["Pink Floyd"],
        "date": ["1973-03-24"],
        "musicbrainz_albumid": ["25fbfbb4-b1ee-4448-aadf-ae3bc2e2dd27"],
        "musicbrainz_artistid": ["83d91898-7763-47d7-b03b-b92132375c47"],
        "musicbrainz_recordingid": ["96685213-a25c-4678-9a13-abd9ec81cf35"],
        "title": ["Speak to Me \/ Breathe"],
        "tracknumber": ["01\/9"]
    }
},
"lowlevel": {
    "average_loudness": 0.570070445538,
    "barkbands_crest": {
        "dmean": 2.55143618584,
        "dmean2": 4.12027645111,
        "dvar": 5.76302719116,
        "dvar2": 15.0013475418,
        "max": 26.4047870636,
        "mean": 12.4940433502,
        "median": 11.9003677368,
        "min": 2.47369670868,
        "var": 21.4830150604
    },
    "barkbands_flatness_db": {
        "dmean": 0.0271124318242,
        "dmean2": 0.0407571904361,
        "dvar": 0.00100257480517,
        "dvar2": 0.00209619780071,
        "max": 0.78447240591,
        "mean": 0.233605787158,
        "median": 0.193176999688,
        "min": 0.0316717289388,
        "var": 0.0194122232497
    },
    "barkbands_kurtosis": {
        "dmean": 22.8935108185,
        "dmean2": 36.9620742798,
        "dvar": 8813.70117188,
        "dvar2": 23245.4042969,
        "max": 3242.06030273,
        "mean": 39.2420768738,
        "median": 5.0220041275,
        "min": -1.85968148708,
        "var": 12887.7529297
    },
    "barkbands_skewness": {
        "dmean": 0.982503890991,
        "dmean2": 1.52241265774,
        "dvar": 3.04430913925,
        "dvar2": 7.38171195984,
        "max": 45.4462242126,
        "mean": 2.84087586403,
        "median": 1.88802194595,
        "min": -2.52589631081,
        "var": 11.0481777191
    },
    "barkbands_spread": {
        "dmean": 3.5093998909,
        "dmean2": 5.56992292404,
        "dvar": 31.743522644,
        "dvar2": 80.3976135254,
        "max": 132.734649658,
        "mean": 13.1920013428,
        "median": 10.1451787949,
        "min": 0.0291890632361,
        "var": 233.560531616
    },
    "dissonance": {
        "dmean": 0.0243598222733,
        "dmean2": 0.041003420949,
        "dvar": 0.000678615586367,
        "dvar2": 0.00180944113526,
        "max": 0.499986946583,
        "mean": 0.445247352123,
        "median": 0.457229346037,
        "min": 0.221651270986,
        "var": 0.0018909831997
    },
    "dynamic_complexity": 9.3055934906,
    "erbbands_crest": {
        "dmean": 2.55416846275,
        "dmean2": 4.04978370667,
        "dvar": 6.56125831604,
        "dvar2": 16.1432342529,
        "max": 31.4735870361,
        "mean": 11.234005928,
        "median": 9.74718952179,
        "min": 2.25864386559,
        "var": 33.2284202576
    },
    "erbbands_flatness_db": {
        "dmean": 0.0203428026289,
        "dmean2": 0.0295930728316,
        "dvar": 0.000556230079383,
        "dvar2": 0.0010775718838,
        "max": 0.440971970558,
        "mean": 0.17673741281,
        "median": 0.176634863019,
        "min": 0.0226208455861,
        "var": 0.00423009693623
    },
    "erbbands_kurtosis": {
        "dmean": 4.3855843544,
        "dmean2": 6.77050447464,
        "dvar": 224.336791992,
        "dvar2": 549.772277832,
        "max": 300.591339111,
        "mean": 7.20001268387,
        "median": 0.941857099533,
        "min": -1.69510316849,
        "var": 706.143371582
    },
    "erbbands_skewness": {
        "dmean": 0.515790522099,
        "dmean2": 0.774765193462,
        "dvar": 0.480228990316,
        "dvar2": 1.09115827084,
        "max": 13.6905794144,
        "mean": 0.829796433449,
        "median": 0.413189172745,
        "min": -3.46186614037,
        "var": 4.43073034286
    },
    "erbbands_spread": {
        "dmean": 7.47513151169,
        "dmean2": 11.510351181,
        "dvar": 99.0756454468,
        "dvar2": 228.780944824,
        "max": 151.619262695,
        "mean": 32.3992462158,
        "median": 25.3205852509,
        "min": 0.785953164101,
        "var": 631.916809082
    },
    "hfc": {
        "dmean": 2.41300940514,
        "dmean2": 3.55048775673,
        "dvar": 22.8584537506,
        "dvar2": 53.4791259766,
        "max": 125.675102234,
        "mean": 9.52248287201,
        "median": 5.06045103073,
        "min": 1.14871617222e-16,
        "var": 159.240646362
    },
    "melbands_crest": {
        "dmean": 3.06955432892,
        "dmean2": 4.99600982666,
        "dvar": 10.3228197098,
        "dvar2": 26.0512390137,
        "max": 39.8407516479,
        "mean": 19.738861084,
        "median": 17.4843502045,
        "min": 1.32061219215,
        "var": 89.4911575317
    },
    "melbands_flatness_db": {
        "dmean": 0.0301218871027,
        "dmean2": 0.0454577766359,
        "dvar": 0.00122438487597,
        "dvar2": 0.00255949306302,
        "max": 0.940101921558,
        "mean": 0.328733414412,
        "median": 0.285575836897,
        "min": 0.000874267949257,
        "var": 0.0251012481749
    },
    "melbands_kurtosis": {
        "dmean": 154.445220947,
        "dmean2": 240.590667725,
        "dvar": 573518.625,
        "dvar2": 1341338.125,
        "max": 31817.6933594,
        "mean": 267.923583984,
        "median": 11.3227815628,
        "min": -1.71359062195,
        "var": 1374847
    },
    "melbands_skewness": {
        "dmean": 1.8368524313,
        "dmean2": 2.8215534687,
        "dvar": 17.4248142242,
        "dvar2": 37.7236213684,
        "max": 130.584884644,
        "mean": 5.58573055267,
        "median": 2.81811976433,
        "min": -1.72524857521,
        "var": 77.9537582397
    },
    "melbands_spread": {
        "dmean": 3.5091483593,
        "dmean2": 5.60351896286,
        "dvar": 28.0086250305,
        "dvar2": 71.4863128662,
        "max": 157.169723511,
        "mean": 13.1239347458,
        "median": 10.0541992188,
        "min": 0.00909128505737,
        "var": 226.360916138
    },
    "pitch_salience": {
        "dmean": 0.0706983953714,
        "dmean2": 0.116256989539,
        "dvar": 0.00537967169657,
        "dvar2": 0.0135920494795,
        "max": 0.949574947357,
        "mean": 0.438141703606,
        "median": 0.475416064262,
        "min": 0.00643911864609,
        "var": 0.0354756340384
    },
    "silence_rate_20dB": {
        "dmean": 0,
        "dmean2": 0,
        "dvar": 0,
        "dvar2": 0,
        "max": 1,
        "mean": 1,
        "median": 1,
        "min": 1,
        "var": 0
    },
    "silence_rate_30dB": {
        "dmean": 0.00482718693092,
        "dmean2": 0.00965530518442,
        "dvar": 0.00480374787003,
        "dvar2": 0.0124581689015,
        "max": 1,
        "mean": 0.995752513409,
        "median": 1,
        "min": 0,
        "var": 0.00422959914431
    },
    "silence_rate_60dB": {
        "dmean": 0.0279011391103,
        "dmean2": 0.0558076649904,
        "dvar": 0.027127251029,
        "dvar2": 0.0579056367278,
        "max": 1,
        "mean": 0.246935039759,
        "median": 0,
        "min": 0,
        "var": 0.185999274254
    },
    "spectral_centroid": {
        "dmean": 135.789215088,
        "dmean2": 215.655166626,
        "dvar": 40798.765625,
        "dvar2": 100425.5,
        "max": 11166.0449219,
        "mean": 768.818969727,
        "median": 642.631103516,
        "min": 36.8553657532,
        "var": 348345.4375
    },
    "spectral_complexity": {
        "dmean": 1.32737982273,
        "dmean2": 2.14096736908,
        "dvar": 2.38606882095,
        "dvar2": 5.69511461258,
        "max": 39,
        "mean": 9.36393451691,
        "median": 10,
        "min": 0,
        "var": 52.6029586792
    },
    "spectral_decrease": {
        "dmean": 1.6584278395e-09,
        "dmean2": 2.51053799971e-09,
        "dvar": 7.6665804052e-18,
        "dvar2": 1.8419542075e-17,
        "max": 7.02653782571e-18,
        "mean": -5.47337730694e-09,
        "median": -3.79345843626e-09,
        "min": -3.89656591437e-08,
        "var": 3.34338098701e-17
    },
    "spectral_energy": {
        "dmean": 0.0064249439165,
        "dmean2": 0.00971535872668,
        "dvar": 0.000114548456622,
        "dvar2": 0.000274111371255,
        "max": 0.151400148869,
        "mean": 0.0215215533972,
        "median": 0.0149105340242,
        "min": 1.05500101665e-20,
        "var": 0.000518443121109
    },
    "spectral_energyband_high": {
        "dmean": 6.24531894573e-05,
        "dmean2": 9.24872074393e-05,
        "dvar": 5.38705791087e-08,
        "dvar2": 1.25806366214e-07,
        "max": 0.00661142542958,
        "mean": 0.00012849412451,
        "median": 1.89701459021e-05,
        "min": 7.42159127942e-21,
        "var": 1.12639064298e-07
    },
    "spectral_energyband_low": {
        "dmean": 0.00338426115923,
        "dmean2": 0.00514117022976,
        "dvar": 4.65771299787e-05,
        "dvar2": 0.000111707689939,
        "max": 0.105885446072,
        "mean": 0.00875892676413,
        "median": 0.00405448442325,
        "min": 8.39107684569e-23,
        "var": 0.000132165296236
    },
    "spectral_energyband_middle_high": {
        "dmean": 0.000867703580298,
        "dmean2": 0.00130388408434,
        "dvar": 4.23212259193e-06,
        "dvar2": 1.10343753477e-05,
        "max": 0.0520823523402,
        "mean": 0.00293115223758,
        "median": 0.00111636111978,
        "min": 1.84336593662e-21,
        "var": 2.30311743508e-05
    },
    "spectral_energyband_middle_low": {
        "dmean": 0.00406570872292,
        "dmean2": 0.00634972192347,
        "dvar": 7.77837922215e-05,
        "dvar2": 0.000189950427739,
        "max": 0.146649926901,
        "mean": 0.0108113866299,
        "median": 0.00438707415015,
        "min": 2.99979669423e-22,
        "var": 0.000262310786638
    },
    "spectral_entropy": {
        "dmean": 0.202868819237,
        "dmean2": 0.299058496952,
        "dvar": 0.0672898292542,
        "dvar2": 0.126037493348,
        "max": 9.78449058533,
        "mean": 7.00603961945,
        "median": 6.97536468506,
        "min": 3.62231278419,
        "var": 0.535816609859
    },
    "spectral_flux": {
        "dmean": 0.0174455549568,
        "dmean2": 0.0277631338686,
        "dvar": 0.000585157307796,
        "dvar2": 0.00129259005189,
        "max": 0.322275698185,
        "mean": 0.0536325871944,
        "median": 0.0403075031936,
        "min": 1.02713240691e-10,
        "var": 0.00215841480531
    },
    "spectral_kurtosis": {
        "dmean": 3.21818518639,
        "dmean2": 5.09990596771,
        "dvar": 45.3920478821,
        "dvar2": 88.4794616699,
        "max": 184.876403809,
        "mean": 10.0874347687,
        "median": 8.1046962738,
        "min": -1.1368188858,
        "var": 103.290809631
    },
    "spectral_rms": {
        "dmean": 0.00060277961893,
        "dmean2": 0.000879029161297,
        "dvar": 6.25289317213e-07,
        "dvar2": 1.34979723043e-06,
        "max": 0.0121534960344,
        "mean": 0.00383935123682,
        "median": 0.00381403486244,
        "min": 3.20822274996e-12,
        "var": 6.25602569926e-06
    },
    "spectral_rolloff": {
        "dmean": 242.569000244,
        "dmean2": 415.028869629,
        "dvar": 552923.4375,
        "dvar2": 1332775.625,
        "max": 18561.6210938,
        "mean": 899.532775879,
        "median": 538.330078125,
        "min": 21.533203125,
        "var": 3888838.25
    },
    "spectral_skewness": {
        "dmean": 0.317799240351,
        "dmean2": 0.489467561245,
        "dvar": 0.200938671827,
        "dvar2": 0.367601513863,
        "max": 11.8655519485,
        "mean": 2.47373914719,
        "median": 2.38855075836,
        "min": 0.0248963553458,
        "var": 0.913780033588
    },
    "spectral_spread": {
        "dmean": 588111.5625,
        "dmean2": 887633.375,
        "dvar": 759654187008,
        "dvar2": 1.41967006106e+12,
        "max": 38089816,
        "mean": 4622218,
        "median": 3907291,
        "min": 655795.8125,
        "var": 5.43273517056e+12
    },
    "spectral_strongpeak": {
        "dmean": 0.348089456558,
        "dmean2": 0.591022849083,
        "dvar": 0.516237616539,
        "dvar2": 1.33231723309,
        "max": 11.3886432648,
        "mean": 0.725892663002,
        "median": 0.298640787601,
        "min": 0,
        "var": 1.384329319
    },
    "zerocrossingrate": {
        "dmean": 0.00699008675292,
        "dmean2": 0.0090603819117,
        "dvar": 0.000193666113773,
        "dvar2": 0.000307536800392,
        "max": 0.54833984375,
        "mean": 0.0374480932951,
        "median": 0.029296875,
        "min": 0.0009765625,
        "var": 0.00259501906112
    },
    "barkbands": {
        "dmean": [0.000371782691218, 0.00247665867209, 0.000884432753082, 0.0011345873354, 0.00183563691098, 0.000684976228513, 0.000556424551178, 0.00105353922118, 0.000654373667203, 0.000383869890356, 0.000288583367364, 0.000176521760295, 0.000221023277845, 0.000184307049494, 0.000107857958938, 6.75517658237e-05, 4.40925286966e-05, 1.7653710529e-05, 8.7290418378e-06, 8.36278468341e-06, 8.82653421286e-06, 1.07419809865e-05, 9.07279718376e-06, 1.13663718366e-05, 1.26803315652e-05, 1.24316484289e-05, 6.32889486951e-06],
        "dmean2": [0.000509813020471, 0.00390433869325, 0.00148215412628, 0.00190031703096, 0.00292070559226, 0.00108810840175, 0.000852603057865, 0.00164452986792, 0.000990001717582, 0.000590170035139, 0.000434831425082, 0.000276668346487, 0.000351635972038, 0.000291967531666, 0.000162921147421, 0.000100333847513, 6.59464640194e-05, 2.73479909083e-05, 1.33508565341e-05, 1.30735370476e-05, 1.33106386784e-05, 1.60842992045e-05, 1.37616470965e-05, 1.6574644178e-05, 1.78179761861e-05, 2.08915007534e-05, 1.17282170322e-05],
        "dvar": [1.06840684566e-06, 3.35255645041e-05, 4.87183933728e-06, 1.03332267827e-05, 2.27333675866e-05, 5.23926883034e-06, 3.42877183357e-06, 1.70268613147e-05, 6.94330719853e-06, 2.60090632764e-06, 1.0906916259e-06, 4.47878505838e-07, 5.46025773929e-07, 2.6997815894e-07, 2.19578836891e-07, 4.35891998052e-08, 1.85152853049e-08, 2.15293516348e-09, 5.70817060286e-10, 5.62374036228e-10, 9.76144276521e-10, 1.35083477737e-09, 8.27489132771e-10, 1.39352895889e-09, 2.23974150337e-09, 6.54236931297e-09, 2.12385287135e-09],
        "dvar2": [1.70079738382e-06, 8.564505697e-05, 1.31896413222e-05, 2.70994005405e-05, 5.57044331799e-05, 1.3424007193e-05, 7.42287238609e-06, 4.12444424001e-05, 1.67686466739e-05, 6.59849501972e-06, 2.59397279478e-06, 1.19058074688e-06, 1.43982106238e-06, 7.32503679046e-07, 5.71028465401e-07, 9.97649749479e-08, 4.43500383085e-08, 5.13560616255e-09, 1.27486865509e-09, 1.3527400311e-09, 2.21715867887e-09, 2.94121837996e-09, 1.86543869241e-09, 2.76480305317e-09, 4.51069803731e-09, 1.82310468944e-08, 6.12178574499e-09],
        "max": [0.0262650959194, 0.0930984690785, 0.0532581657171, 0.0758302360773, 0.0728648900986, 0.0726230219007, 0.0655710250139, 0.0812781378627, 0.0621793866158, 0.0506205186248, 0.034238923341, 0.0234873481095, 0.0258515998721, 0.0159819945693, 0.0244527161121, 0.00658274907619, 0.00549935083836, 0.00123674375936, 0.00068862590706, 0.00073841039557, 0.0008964650915, 0.000784033560194, 0.000763530901168, 0.00142310920637, 0.00238021626137, 0.00216694851406, 0.00110664847307],
        "mean": [0.000760932802223, 0.00472905905917, 0.00226294016466, 0.00237600132823, 0.00299722258933, 0.00125632632989, 0.00105906685349, 0.00167046091519, 0.00120734411757, 0.000674841401633, 0.000663615763187, 0.000316558929626, 0.000433493580204, 0.000419352349127, 0.000221365582547, 0.00016704830341, 0.000113916292321, 3.83115766454e-05, 1.74881624844e-05, 1.59487244673e-05, 1.5279476429e-05, 1.88841040654e-05, 1.7328060494e-05, 2.39005312324e-05, 2.84158631985e-05, 1.23988020277e-05, 4.07327934226e-06],
        "median": [5.57992170798e-05, 0.00104817515239, 0.000578166916966, 0.000423299410613, 0.000634125317447, 0.000295208068565, 0.000240315857809, 0.000137659211759, 0.000100231940451, 0.00010104291141, 4.60182309325e-05, 4.5016855438e-05, 5.98005317443e-05, 8.16473402665e-05, 4.70479972137e-05, 2.44333023147e-05, 1.52056272782e-05, 7.33322167434e-06, 4.01183433496e-06, 2.54684732681e-06, 2.55771396951e-06, 2.29872580348e-06, 3.09598090098e-06, 3.86966257793e-06, 2.81144343717e-06, 5.15544115842e-07, 3.10858112584e-08],
        "min": [7.86515385092e-24, 1.09687685215e-23, 3.15165803517e-23, 5.03881589994e-23, 4.11423400033e-23, 3.22378327219e-23, 5.56066221933e-23, 3.53851132102e-23, 5.96066644755e-23, 8.90232686986e-23, 5.2847123638e-23, 1.13203471031e-22, 1.78404718113e-22, 2.03260765982e-22, 2.54778823078e-22, 1.53687686469e-22, 1.77277707248e-22, 2.89599143434e-22, 2.21326602101e-22, 2.82204348687e-22, 3.56357980597e-22, 5.98742145401e-22, 5.11612117632e-22, 6.35317573987e-22, 1.1328887753e-21, 1.90540852153e-21, 2.28072415497e-21],
        "var": [5.9595959101e-06, 6.17405530647e-05, 1.58633083629e-05, 2.08195724554e-05, 4.51891173725e-05, 1.06655943455e-05, 8.47539286042e-06, 3.71042478946e-05, 1.77208949026e-05, 5.26288386027e-06, 4.85952887175e-06, 9.11146685212e-07, 1.42622775456e-06, 1.0638339063e-06, 4.57972561207e-07, 1.96478623593e-07, 1.02047366113e-07, 7.55355067383e-09, 1.68992153604e-09, 1.39105604813e-09, 2.00954941576e-09, 2.81029532978e-09, 1.85939752484e-09, 4.32590407939e-09, 9.50297085467e-09, 4.59726035018e-09, 1.19767817885e-09]
    },
    "erbbands": {
        "dmean": [0.0859703496099, 0.530869483948, 1.05373907089, 2.22713541985, 5.0025305748, 6.37605237961, 7.84149312973, 4.82389640808, 5.30608129501, 15.1084461212, 22.7033061981, 14.7342252731, 12.554189682, 9.94731235504, 11.3933324814, 6.22474622726, 8.35751152039, 11.2109384537, 5.48292064667, 4.36061859131, 3.7773001194, 2.26312947273, 1.13748288155, 0.505820810795, 0.451551914215, 0.424473911524, 0.327413082123, 0.388936460018, 0.39279255271, 0.347580909729, 0.233880609274, 0.210517853498, 0.210563510656, 0.163693100214, 0.0817331969738, 0.0377553701401, 0.0274863857776, 0.00829855538905, 0.00124982837588, 3.78045297111e-05],
        "dmean2": [0.121990896761, 0.880548775196, 1.76205742359, 3.67157292366, 8.57628250122, 10.0434055328, 11.878068924, 7.90846824646, 8.43303012848, 23.3029499054, 34.5871658325, 21.9790382385, 19.3819026947, 15.2440814972, 17.297586441, 9.86395454407, 13.1334028244, 17.5572090149, 8.11383533478, 6.8514342308, 5.43658208847, 3.31595468521, 1.7322691679, 0.786333858967, 0.692681908607, 0.66755849123, 0.495518058538, 0.589539587498, 0.592961728573, 0.53213506937, 0.349153965712, 0.310175448656, 0.310712695122, 0.231748223305, 0.116730697453, 0.0562710799277, 0.0479980483651, 0.0150940036401, 0.00232354993932, 6.75971750752e-05],
        "dvar": [0.0430821888149, 1.87775206566, 6.92251968384, 33.1765289307, 292.520355225, 258.761108398, 768.242553711, 187.530899048, 215.107666016, 2657.11450195, 9314.36816406, 3723.90820312, 2973.16479492, 1561.2487793, 1448.26745605, 598.994567871, 967.420043945, 993.747070312, 261.326568604, 694.885131836, 139.66583252, 47.0888328552, 9.23116779327, 1.89989602566, 1.6294772625, 1.52102971077, 1.31042444706, 1.95874249935, 1.82273972034, 1.27413499355, 0.587943255901, 0.451166689396, 0.517680823803, 0.453108400106, 0.0779039561749, 0.0342556498945, 0.0388208143413, 0.0034623327665, 8.52288503665e-05, 6.52192824191e-08],
        "dvar2": [0.0902927368879, 5.03447771072, 18.6802101135, 85.2354278564, 795.468139648, 583.491271973, 1721.32507324, 491.185668945, 484.917297363, 6187.44287109, 22007.796875, 8854.98925781, 7034.24707031, 4167.87548828, 3557.83129883, 1711.7779541, 2498.55566406, 2665.24316406, 604.256896973, 1851.34655762, 296.373016357, 110.641151428, 21.2804679871, 4.44310426712, 3.65741014481, 3.80178499222, 3.09240102768, 4.23204803467, 4.01506137848, 2.93807816505, 1.31058132648, 0.969162642956, 1.01989889145, 0.900549769402, 0.16526041925, 0.0851590558887, 0.110343784094, 0.00999671686441, 0.000245031988015, 1.86383203982e-07],
        "max": [4.22873449326, 20.5908184052, 58.546421051, 150.819335938, 315.965667725, 375.982452393, 661.526245117, 430.728515625, 537.924560547, 1690.82495117, 2211.4675293, 1866.76025391, 2030.28369141, 1386.79125977, 1622.55273438, 1144.97167969, 1285.07629395, 887.584106445, 550.42376709, 1637.48681641, 436.633972168, 211.272537231, 88.3337860107, 35.3679924011, 41.5052337646, 44.5551834106, 37.4726791382, 34.4239349365, 30.091053009, 34.9318962097, 20.5404148102, 25.3445892334, 26.2023124695, 35.0740432739, 12.2551794052, 5.24492883682, 5.27261734009, 1.56574749947, 0.226711064577, 0.00665016006678],
        "mean": [0.161999732256, 0.964069008827, 2.66189289093, 5.32583379745, 7.38887453079, 11.1006755829, 13.2594366074, 9.46432876587, 10.922577858, 26.9206523895, 37.8228759766, 28.158914566, 23.6013145447, 20.9091758728, 26.1936302185, 12.3987455368, 17.7072601318, 26.6020317078, 13.0436515808, 8.71478176117, 10.5742855072, 6.27202701569, 2.82334971428, 1.12926340103, 0.882683336735, 0.832923710346, 0.59986525774, 0.62855643034, 0.670920848846, 0.658185482025, 0.443214386702, 0.423268020153, 0.443229794502, 0.371257156134, 0.166301816702, 0.0550683774054, 0.0236572232097, 0.00586060294881, 0.000798936758656, 4.51536361652e-05],
        "median": [0.0265699960291, 0.217096492648, 0.75361430645, 1.88636088371, 2.44882750511, 2.02989029884, 1.68123590946, 2.51039004326, 3.68522930145, 4.41317892075, 3.54380321503, 2.69350147247, 3.77356719971, 3.82620215416, 3.55896234512, 2.78962540627, 3.08736109734, 4.93146133423, 3.77513813972, 2.1209230423, 1.62238883972, 0.969114661217, 0.531596839428, 0.273877859116, 0.188808575273, 0.137521997094, 0.106787063181, 0.0924600064754, 0.0787404552102, 0.0982699766755, 0.0777247920632, 0.0838506147265, 0.0603096336126, 0.034303791821, 0.0171553008258, 0.00388634670526, 0.00079078390263, 0.000117556570331, 1.43007318911e-05, 1.86767356354e-05],
        "min": [4.8605115628e-22, 2.21272570809e-21, 2.10357102716e-20, 1.38564733797e-19, 7.78827382105e-20, 1.46280299734e-19, 2.65066124034e-19, 3.25043671931e-19, 6.59813798794e-19, 6.20049675785e-19, 9.78290173649e-19, 1.56161204796e-18, 1.9768936284e-18, 3.26047424585e-18, 2.76456292502e-18, 4.24190708544e-18, 6.29762585634e-18, 1.30462314098e-17, 1.21399822569e-17, 9.90824648267e-18, 8.34499423895e-18, 9.00134054831e-18, 1.31120435537e-17, 1.41576908379e-17, 1.26184772899e-17, 1.31052565368e-17, 1.37763200436e-17, 2.08626911518e-17, 1.98382792483e-17, 1.52011576739e-17, 1.41636250316e-17, 1.37694354194e-17, 1.13107320384e-17, 1.22242711341e-17, 8.8274696651e-18, 7.3927811409e-18, 3.13795039237e-18, 1.44172111036e-18, 3.15242667347e-19, 3.39529756419e-20],
        "var": [0.111733436584, 2.78768491745, 19.4460582733, 74.8373413086, 269.064422607, 753.714904785, 2003.06091309, 398.903625488, 696.827697754, 5599.98925781, 21260.25, 9042.12792969, 6879.96777344, 3821.20214844, 6053.46240234, 1166.03344727, 2556.62866211, 4559.27294922, 792.607177734, 1224.45568848, 811.602111816, 217.902862549, 39.4422645569, 5.87536287308, 4.25211858749, 3.84609484673, 2.98160624504, 3.43971419334, 3.69342589378, 2.83511090279, 1.25751757622, 1.18822789192, 1.70894515514, 2.08507442474, 0.243089988828, 0.0400261282921, 0.0242418516427, 0.00197635148652, 4.82979266963e-05, 3.91592003268e-08]
    },
    "gfcc": {
        "mean": [-154.198562622, 113.376663208, -80.532081604, 18.643743515, -37.6037216187, 24.5915374756, -35.2471389771, 6.77813911438, -14.6309213638, 1.74297726154, -13.3858165741, -3.00564813614, -8.87687206268],
        "cov": [[47619.4179688, 5352.4921875, -6694.13574219, -2851.44921875, -3704.82568359, 213.645950317, -2702.4230957, -185.902740479, -872.96282959, -494.041259766, -1049.64099121, -721.679321289, -443.183959961], [5352.4921875, 2045.93554688, -760.110961914, -383.387969971, -127.608467102, 4.57915496826, -95.4396820068, -74.20362854, 74.4296264648, -116.02482605, 69.9243621826, -147.906936646, 55.3985137939], [-6694.13574219, -760.110961914, 2080.52856445, 607.568847656, 609.778015137, 39.6195335388, 498.919830322, 102.802001953, 146.028671265, 113.943138123, 152.130737305, 115.620452881, 67.3186721802], [-2851.44921875, -383.387969971, 607.568847656, 627.753112793, 420.792907715, 49.8541870117, 214.883255005, 66.5559463501, 102.63028717, 62.2156562805, 82.6293792725, 74.092376709, 53.0143852234], [-3704.82568359, -127.608467102, 609.778015137, 420.792907715, 776.536376953, 36.0382347107, 380.181274414, 56.0883979797, 201.04914856, 74.8297119141, 187.589889526, 104.68636322, 95.947845459], [213.645950317, 4.57915496826, 39.6195335388, 49.8541870117, 36.0382347107, 213.442962646, 57.1288452148, 37.7222671509, 10.2114267349, 20.4454879761, 20.1458072662, -4.05052471161, -3.31047177315], [-2702.4230957, -95.4396820068, 498.919830322, 214.883255005, 380.181274414, 57.1288452148, 445.033172607, 61.4988174438, 123.671005249, 71.8784790039, 155.660827637, 64.7750320435, 45.6594848633], [-185.902740479, -74.20362854, 102.802001953, 66.5559463501, 56.0883979797, 37.7222671509, 61.4988174438, 124.027397156, 51.5218734741, 14.7259426117, 6.69591283798, 19.8200397491, 5.72726202011], [-872.96282959, 74.4296264648, 146.028671265, 102.63028717, 201.04914856, 10.2114267349, 123.671005249, 51.5218734741, 157.189483643, 46.241569519, 70.0482788086, 14.6748056412, 42.4304122925], [-494.041259766, -116.02482605, 113.943138123, 62.2156562805, 74.8297119141, 20.4454879761, 71.8784790039, 14.7259426117, 46.241569519, 116.507713318, 48.5621452332, 22.4814376831, 4.62463378906], [-1049.64099121, 69.9243621826, 152.130737305, 82.6293792725, 187.589889526, 20.1458072662, 155.660827637, 6.69591283798, 70.0482788086, 48.5621452332, 144.66178894, 50.6422805786, 37.7091178894], [-721.679321289, -147.906936646, 115.620452881, 74.092376709, 104.68636322, -4.05052471161, 64.7750320435, 19.8200397491, 14.6748056412, 22.4814376831, 50.6422805786, 105.887115479, 39.724697113], [-443.183959961, 55.3985137939, 67.3186721802, 53.0143852234, 95.947845459, -3.31047177315, 45.6594848633, 5.72726202011, 42.4304122925, 4.62463378906, 37.7091178894, 39.724697113, 88.7167434692]],
        "icov": [[9.77559975581e-05, -0.000263198278844, 0.000125920923892, -5.92020933254e-06, 0.000157131202286, -0.000168555066921, 0.000212007929804, -0.000257849082118, 0.000182100528036, -0.000320553721394, 0.000382402766263, -0.000288683950203, 0.000188324804185], [-0.000263198278844, 0.00161472545005, -0.000114918526378, 0.000379422446713, -0.00041060053627, 0.000328682799591, -0.000473625725135, 0.00084651511861, -0.00108875427395, 0.00181608460844, -0.00234281457961, 0.00229030312039, -0.00142086215783], [0.000125920923892, -0.000114918526378, 0.00103184464388, -0.000432230939623, 7.42172342143e-05, -6.85668564984e-05, -0.000389951397665, -0.000433029112173, 0.00035232846858, -0.000425391248427, 0.000480576331029, -7.27747392375e-05, 3.92548918171e-06], [-5.92020933254e-06, 0.000379422446713, -0.000432230939623, 0.00316137634218, -0.00142862903886, -0.00042439988465, 0.000373937626136, -0.000528940407094, 3.20122762787e-06, -0.000137201292091, 7.29556559236e-05, 0.00022909672407, -0.000584704859648], [0.000157131202286, -0.00041060053627, 7.42172342143e-05, -0.00142862903886, 0.00410439632833, -0.000269154086709, -0.00108834181447, 0.000714870577212, -0.00244360789657, 0.000413370667957, -0.000442660704721, -0.00164911383763, -2.25354815484e-05], [-0.000168555066921, 0.000328682799591, -6.85668564984e-05, -0.00042439988465, -0.000269154086709, 0.00565827824175, -0.000959754106589, -0.00150019174907, 0.00110239780042, -0.000331243936671, -0.00133610644843, 0.00172547518741, -0.000363268627552], [0.000212007929804, -0.000473625725135, -0.000389951397665, 0.000373937626136, -0.00108834181447, -0.000959754106589, 0.00602768873796, -0.00187295151409, 0.000163899589097, -0.000894951401278, -0.00283667678013, -0.000134078480187, 0.000821214227472], [-0.000257849082118, 0.00084651511861, -0.000433029112173, -0.000528940407094, 0.000714870577212, -0.00150019174907, -0.00187295151409, 0.0124724116176, -0.00611767545342, 0.00184364069719, 0.00216542580165, -0.00275158975273, 0.00129907648079], [0.000182100528036, -0.00108875427395, 0.00035232846858, 3.20122762787e-06, -0.00244360789657, 0.00110239780042, 0.000163899589097, -0.00611767545342, 0.0152082163841, -0.00457667792216, -0.00160610780586, 0.00388555275276, -0.00377740641125], [-0.000320553721394, 0.00181608460844, -0.000425391248427, -0.000137201292091, 0.000413370667957, -0.000331243936671, -0.000894951401278, 0.00184364069719, -0.00457667792216, 0.0133945420384, -0.00499695073813, 0.000524427567143, 0.000931352202315], [0.000382402766263, -0.00234281457961, 0.000480576331029, 7.29556559236e-05, -0.000442660704721, -0.00133610644843, -0.00283667678013, 0.00216542580165, -0.00160610780586, -0.00499695073813, 0.0188228990883, -0.00768888229504, 0.00118481204845], [-0.000288683950203, 0.00229030312039, -7.27747392375e-05, 0.00022909672407, -0.00164911383763, 0.00172547518741, -0.000134078480187, -0.00275158975273, 0.00388555275276, 0.000524427567143, -0.00768888229504, 0.0188933722675, -0.00793680083007], [0.000188324804185, -0.00142086215783, 3.92548918171e-06, -0.000584704859648, -2.25354815484e-05, -0.000363268627552, 0.000821214227472, 0.00129907648079, -0.00377740641125, 0.000931352202315, 0.00118481204845, -0.00793680083007, 0.0177588965744]]
    },
    "melbands": {
        "dmean": [0.000710833468474, 0.000583731278311, 0.000475677748909, 0.000383618054911, 0.000284515932435, 0.000111822781037, 8.7372638518e-05, 0.000183301090146, 0.000173835782334, 9.00815939531e-05, 6.4531704993e-05, 4.23622077506e-05, 4.29635510955e-05, 2.20224264922e-05, 1.62494307006e-05, 2.24052855629e-05, 2.1055329853e-05, 9.19041667657e-06, 6.44279725748e-06, 5.1783276831e-06, 4.46429885415e-06, 2.46522859015e-06, 1.84477903531e-06, 8.53970107073e-07, 3.96336389485e-07, 3.55195567181e-07, 2.91314933065e-07, 3.1186826277e-07, 2.07931705631e-07, 2.2680482914e-07, 2.40800915208e-07, 2.54115946063e-07, 1.97210809461e-07, 2.13903391e-07, 1.48740213035e-07, 1.17931634236e-07, 1.42781502177e-07, 1.60987056574e-07, 1.467973334e-07, 1.48730507021e-07],
        "dmean2": [0.00106684770435, 0.000965501007158, 0.00079640885815, 0.000629970687442, 0.000428055122029, 0.000181919807801, 0.000137039605761, 0.000285037094727, 0.000264409842202, 0.000135681184474, 0.0001000757984, 6.53055612929e-05, 6.48696659482e-05, 3.45783410012e-05, 2.60102478933e-05, 3.49033471139e-05, 3.31031078531e-05, 1.35768241307e-05, 1.00099605334e-05, 8.00399084255e-06, 6.56343490846e-06, 3.60227977581e-06, 2.84852262666e-06, 1.34432798404e-06, 6.2459361061e-07, 5.46133890111e-07, 4.55212557426e-07, 4.96977804687e-07, 3.23658184698e-07, 3.41874482501e-07, 3.70880513856e-07, 3.93178140712e-07, 2.94259706379e-07, 3.3566365687e-07, 2.27858961921e-07, 1.76550784659e-07, 2.1490464519e-07, 2.44482009748e-07, 2.10712187254e-07, 2.12564017943e-07],
        "dvar": [2.6809668725e-06, 1.98544330487e-06, 1.75729780949e-06, 1.08857875603e-06, 8.12646533177e-07, 1.0739587708e-07, 6.18467268509e-08, 3.61525025028e-07, 4.97962503232e-07, 1.39418887102e-07, 7.64188641256e-08, 3.13473087488e-08, 2.21175966431e-08, 6.2189444705e-09, 3.96932975377e-09, 6.41674224866e-09, 3.6841749651e-09, 7.51351147965e-10, 1.27259391913e-09, 4.82735074137e-10, 2.13767628598e-10, 5.91308668696e-11, 3.47270823209e-11, 5.1252739032e-12, 1.26281678257e-12, 1.03121168289e-12, 6.53602443435e-13, 8.78440549468e-13, 4.76594566763e-13, 9.14050085621e-13, 7.82675031556e-13, 7.80010387877e-13, 4.710486016e-13, 4.63733110072e-13, 2.36447119479e-13, 1.41865875601e-13, 2.1744434866e-13, 2.86354138101e-13, 3.61710200637e-13, 3.79559041532e-13],
        "dvar2": [6.33104991721e-06, 5.20951880389e-06, 4.64525192001e-06, 2.8132924399e-06, 1.79609025963e-06, 2.78345794413e-07, 1.36073140311e-07, 8.72950238318e-07, 1.17939032407e-06, 3.34016931447e-07, 1.82343399047e-07, 8.39718694579e-08, 5.33363042621e-08, 1.63402411602e-08, 1.09430517981e-08, 1.69108975712e-08, 1.00952668447e-08, 1.7294852217e-09, 3.37206906842e-09, 1.24145449476e-09, 4.63666854911e-10, 1.35763081333e-10, 8.6237537944e-11, 1.21715085927e-11, 3.04733842327e-12, 2.29961731081e-12, 1.55410276662e-12, 2.2740615814e-12, 1.13300319647e-12, 2.27663916365e-12, 1.74593868009e-12, 1.77692116663e-12, 1.0940091064e-12, 1.12350526018e-12, 5.50351105834e-13, 3.04175602891e-13, 4.94576818735e-13, 5.99359320855e-13, 7.28767686389e-13, 7.50542748611e-13],
        "max": [0.0300969555974, 0.0245328079909, 0.0265502408147, 0.0166867766529, 0.0226216539741, 0.0109259616584, 0.00701473560184, 0.0169166065753, 0.0167958829552, 0.0109877604991, 0.00996904633939, 0.00585262943059, 0.00512941926718, 0.00263214297593, 0.00208378094248, 0.00325480452739, 0.00195004465058, 0.00101621018257, 0.00224142451771, 0.00126880162861, 0.000557783932891, 0.000225763200433, 0.000195401124074, 5.56077611691e-05, 2.89391791739e-05, 2.87459170067e-05, 2.05138840101e-05, 3.01716645481e-05, 1.69086197275e-05, 4.10066350014e-05, 2.24549767154e-05, 2.04568896152e-05, 1.57605390996e-05, 2.35798761423e-05, 1.10096425487e-05, 1.30650223582e-05, 1.64866723935e-05, 1.67020552908e-05, 3.31744340656e-05, 3.29185386363e-05],
        "mean": [0.00140336691402, 0.00135775655508, 0.0010265087476, 0.000623344501946, 0.000503224146087, 0.000216923988773, 0.000179096168722, 0.000316718302201, 0.000294264231343, 0.000166837402503, 0.000116308598081, 8.29951095511e-05, 0.000101166682725, 4.00647732022e-05, 3.09216193273e-05, 4.82725336042e-05, 4.74151711387e-05, 2.05389842449e-05, 1.2483824321e-05, 1.07341529656e-05, 1.2130543837e-05, 6.56846896163e-06, 4.11898327002e-06, 1.73498949607e-06, 7.87139299518e-07, 6.37927826119e-07, 5.64794845559e-07, 5.5328621329e-07, 3.55575650701e-07, 3.59434835673e-07, 3.62249409136e-07, 4.00658137778e-07, 3.3841001823e-07, 3.83960014005e-07, 2.58986631252e-07, 2.17861924057e-07, 2.73033123221e-07, 3.20505819218e-07, 2.9201697771e-07, 3.31315391122e-07],
        "median": [0.000281478016404, 0.000386676198104, 0.000379893492209, 0.000182990625035, 6.78311262163e-05, 5.74061341467e-05, 5.67133974982e-05, 4.69965016237e-05, 2.25216299441e-05, 1.50231717271e-05, 1.54699519044e-05, 1.38144059747e-05, 1.02601134131e-05, 5.85878569836e-06, 3.62082664651e-06, 6.69296332489e-06, 8.28637712402e-06, 4.96352276969e-06, 2.67671589427e-06, 2.12856275539e-06, 1.50352070705e-06, 8.3480711055e-07, 5.42354712252e-07, 3.42580676715e-07, 1.78438128273e-07, 1.36537906315e-07, 1.01185690937e-07, 8.15008078803e-08, 6.18658262397e-08, 5.76671297381e-08, 4.99958936473e-08, 4.32438937992e-08, 4.1493951386e-08, 5.84490571498e-08, 4.02996072069e-08, 4.56783446623e-08, 5.09254611814e-08, 4.62180338445e-08, 3.00434450651e-08, 2.65696886714e-08],
        "min": [4.45254551923e-24, 8.70042580977e-24, 2.16924253379e-23, 6.01770629748e-24, 1.04174580895e-23, 6.86917988161e-24, 1.09455097465e-23, 6.05585087769e-24, 8.57579604194e-24, 1.00477718369e-23, 9.29538785993e-24, 1.27279977599e-23, 8.84184569311e-24, 8.37627576407e-24, 1.28598377164e-23, 2.12004506566e-23, 2.36529639907e-23, 1.71310548791e-23, 1.80446788696e-23, 1.1801756728e-23, 8.23147561175e-24, 6.21554630162e-24, 1.71673046154e-23, 1.19638936764e-23, 1.1323051476e-23, 8.76188517404e-24, 8.98526612771e-24, 8.67584332624e-24, 8.76924445742e-24, 8.05072391254e-24, 1.44634696632e-23, 1.25261779525e-23, 7.65223240399e-24, 8.87093257241e-24, 7.50842463869e-24, 8.46522219772e-24, 8.49439032969e-24, 7.47400269309e-24, 9.00635869059e-24, 1.02593293433e-23],
        "var": [6.15521366853e-06, 4.39997393187e-06, 2.94956407743e-06, 1.64946084169e-06, 2.26493034461e-06, 2.24746443678e-07, 1.84823079508e-07, 7.52460380227e-07, 1.15746388474e-06, 3.36402848689e-07, 1.73495834588e-07, 7.06247362814e-08, 1.05248375348e-07, 1.46727945349e-08, 1.01747188452e-08, 1.79619021878e-08, 1.41074476545e-08, 2.12622253137e-09, 2.26132379488e-09, 1.03437347576e-09, 1.24357280029e-09, 2.94228197362e-10, 1.14978922217e-10, 1.56400881829e-11, 3.36900667953e-12, 2.50951126199e-12, 1.78091352429e-12, 1.89666663451e-12, 9.43482163056e-13, 1.6383473354e-12, 1.21774508879e-12, 1.45114530201e-12, 9.49760560996e-13, 9.64392845096e-13, 4.54335164326e-13, 3.13444149108e-13, 5.39074264828e-13, 8.11814537035e-13, 1.24313309213e-12, 1.88785597398e-12]
    },
    "mfcc": {
        "mean": [-784.208496094, 142.587402344, 19.3335876465, 9.77014827728, 20.635717392, 13.835108757, 2.0961792469, 5.45323038101, 5.00833368301, 4.89819002151, 2.56971955299, 1.94334995747, -0.996162354946],
